function [out,pos]=shotListHighGFScan
% low fill pressure, GF +150
% no FC move

out=[
    167735:167745 ...
    167750:167776 ...
    167804:167813 ...
    167818:167836 ...
    ];

pos=[
    ones(1,11)*41.5 ...
    ones(1,13)*39.5 ...
    ones(1,14)*37.5 ...
    ones(1,10)*35.5 ...
    ones(1,19)*33.5 ...
    ];